1715296786184 1.0000000000000001e-07 1
1715296802679 2.0000000000000002e-07 2
1715296819297 3.0000000000000004e-07 3
1715296837900 4.0000000000000003e-07 4
1715296856811 5.000000000000001e-07 5
1715296875032 6.000000000000001e-07 6
1715296892419 7.000000000000001e-07 7
1715296909318 8.000000000000001e-07 8
1715296931210 9.000000000000001e-07 9
1715296949685 1.0000000000000002e-06 10
1715296966902 1.1e-06 11
1715296984098 1.2000000000000002e-06 12
1715297000312 1.3e-06 13
1715297017814 1.4000000000000001e-06 14
1715297035125 1.5e-06 15
1715297054154 1.6000000000000001e-06 16
